0.12658 0.00618541 -1.36251e-06 5.37932e-07 0.0762608 0.997088
0.269887 0.0490381 -3.09424e-06 -1.24589e-07 0.212781 0.9771
0.356699 0.0986982 -1.96543e-06 -3.69451e-08 0.301075 0.9536
0.466329 0.200548 -3.6781e-06 -7.51701e-07 0.429157 0.90323
0.54397 0.328338 -3.03277e-06 -9.06097e-07 0.549167 0.835712
0.597969 0.465655 -2.44526e-07 7.75755e-07 0.563829 0.825892
0.63439 0.558792 -4.62938e-07 6.33158e-07 0.563829 0.825892
0.673846 0.701887 -2.40621e-06 -1.86368e-06 0.65828 0.752774
0.673211 0.851427 -2.40209e-06 -1.47312e-06 0.755612 0.655019
0.647886 0.998602 3.12007e-06 -2.6917e-06 0.765352 0.643612
0.622155 1.14636 1.82115e-06 -1.21486e-06 0.765368 0.643592
0.59642 1.29412 2.58242e-06 -2.78329e-06 0.76538 0.643579
0.570676 1.44188 1.70424e-06 -1.32296e-06 0.765399 0.643556
0.544924 1.58964 1.80101e-06 -1.39124e-06 0.765417 0.643535
0.519168 1.73739 1.85595e-06 -1.0547e-06 0.765423 0.643527
0.493403 1.88514 1.05974e-06 -1.00523e-06 0.765446 0.643501
0.467631 2.0329 8.39474e-07 -6.82659e-07 0.765456 0.643488
0.441855 2.18065 1.83371e-06 -1.52958e-06 0.765476 0.643464
0.416068 2.3284 1.68702e-06 -1.19415e-06 0.76549 0.643448
0.390277 2.47615 3.11488e-06 -2.89324e-06 0.76551 0.643424
0.364246 2.62328 -1.3287e-05 8.25221e-06 0.77643 0.630203
0.313595 2.76403 -9.79819e-07 -2.00366e-06 0.855829 0.517259
0.226531 2.88581 -1.89555e-06 -3.12131e-06 0.918667 0.395033
0.109742 2.97924 -1.58453e-06 -2.47647e-06 0.964183 0.265238
-0.0273259 3.03749 -4.30084e-06 5.54741e-07 0.989125 0.147076
-0.170817 3.08113 2.30307e-06 -3.30122e-07 0.98912 0.147108
-0.314308 3.12478 2.18497e-06 -2.52007e-07 0.989117 0.14713
-0.459115 3.1603 -1.0745e-06 -3.10082e-06 0.99814 0.0609561
-0.608699 3.15799 -6.74558e-07 -2.71533e-06 0.997051 -0.0767477
-0.75495 3.12757 1.06383e-06 2.66917e-07 0.994416 -0.105529
-0.901591 3.09609 1.26077e-06 1.44381e-07 0.994413 -0.105558
-1.04823 3.0646 -1.72079e-06 1.93167e-05 0.994412 -0.10557
-1.19487 3.0331 2.09681e-06 2.11649e-07 0.994409 -0.105601
-1.34151 3.0016 2.32072e-06 3.99342e-07 0.994407 -0.105614
-1.48742 2.96945 4.48076e-07 -3.04551e-06 0.991255 -0.131957
-1.62498 2.91082 -6.04995e-08 -2.25253e-06 0.963634 -0.267227
-1.70579 2.85181 3.7706e-07 -2.92359e-06 0.935356 -0.353707
-1.8034 2.73848 9.09337e-07 -2.1389e-06 0.878116 -0.478447
-1.86629 2.60297 -1.18876e-06 2.88682e-06 -0.803463 0.595354
-1.8985 2.45717 -3.22119e-06 -2.66006e-06 -0.77449 0.632586
-1.92835 2.31055 -1.18718e-05 2.40682e-05 -0.771642 0.636057
-1.93673 2.16148 6.33797e-06 1.1854e-05 -0.677776 0.735268
-1.90417 2.01555 1.01363e-05 1.86028e-05 -0.569925 0.821697
-1.84777 1.87725 -1.5862e-06 -2.36585e-06 -0.557002 0.830511
-1.79085 1.73849 -3.46726e-07 -8.64251e-07 -0.556967 0.830535
-1.73121 1.60156 -2.04747e-06 1.80173e-06 -0.511088 0.859528
-1.64238 1.48115 -3.45997e-06 1.90137e-06 -0.38825 0.921554
-1.52426 1.38953 -7.00718e-07 9.635e-06 -0.257928 0.966164
-1.3916 1.32081 2.31258e-07 6.32499e-07 -0.234516 0.972112
-1.25811 1.25242 -1.36246e-06 -2.8898e-06 -0.234534 0.972108
-1.12226 1.19105 -1.99613e-06 1.03929e-06 -0.154065 0.988061
-0.974884 1.1655 -2.87301e-06 6.9203e-07 -0.0169001 0.999857
-0.826203 1.18093 -1.27226e-05 1.21075e-05 0.118914 0.992905
-0.68112 1.21711 4.08916e-07 -3.01529e-06 0.121944 0.992537
-0.535595 1.25342 2.72122e-07 -2.25102e-06 0.121965 0.992534
-0.390076 1.28973 4.31237e-07 -3.97083e-06 0.121975 0.992533
-0.246318 1.33009 -3.33842e-06 1.40599e-07 0.184569 0.98282
-0.115679 1.40297 -2.50143e-06 -1.3322e-07 0.317883 0.94813
-0.00977701 1.50857 -2.38949e-06 -1.88181e-07 0.444811 0.895624
0.0633747 1.63899 -2.78116e-06 -9.37933e-07 0.563616 0.826037
0.098261 1.78439 -3.17337e-06 -2.09765e-06 0.671769 0.740761
0.111118 1.93324 8.88797e-09 9.0118e-07 0.676164 0.736751
0.119678 2.03288 -2.80399e-07 6.34646e-07 0.676164 0.736751
0.132518 2.18232 1.37174e-06 -1.64624e-06 0.676161 0.736754
0.145364 2.33176 3.03706e-06 -2.81415e-06 0.676139 0.736774
0.158216 2.48119 8.42507e-07 -1.00658e-06 0.676128 0.736784
0.171073 2.63062 9.47865e-07 -9.5473e-07 0.676113 0.736798
0.183937 2.78005 4.98001e-07 -8.10816e-07 0.676097 0.736813
0.196807 2.92948 1.74029e-06 -1.53806e-06 0.67608 0.736828
0.20813 3.06448 -2.03942e-05 2.08592e-05 0.682946 0.730468
